PlayerPosition
381.264
-0.5120038
67.11075
11.60005
PlayerData
石
枝

1
1

1
0
WorldData
6
10
0
1
1
1
3
7
8
12
11
13
1
0
0
5

405.974
360.9
377.6516
373
393.6
372
402.436
401.763
395.68
412.27
395.0141
445.3217
381.11
389.9974
373.85
399.2963

-0.6794485
0.87
0.1981621
0
0
0
1.65
-0.02351755
0.87
4.23
0.09001744
-0.9099981
1.01
0.1981676
0.55
-0.8788428

69.78152
8
79.0017
75
76.7
77
83.6
61.13097
1.51
-49.75
85.13815
5.674324
58.43
58.44691
65.99
65.68053

0
0
270
0
0
0
0
0
0
0
0
0
0
270
270
0

0
0
14.17154
0
0
0
0
0
0
0
0
0
0
57.18773
314.8588
0

0
0
0
270
270
270
0
0
0
0
0
0
0
0
0
0

.8588
0

0
0
0
270
270
270
0
0
0
0
0
87.82984
270
0
0
0
0
0

