PlayerData
石

1

1
WorldData
13
12
11
10
8
5
3
1
0
1
0
6
7
1
1
0
0

445.3217
412.27
423.2289
360.9
395.68
399.2963
402.436
381.11
373.85
372
377.6516
405.974
401.763
393.6
373
385.5359
389.9974

-0.9099981
4.23
0.736
0.87
0.87
-0.8788428
1.65
1.01
0.55
0
0.1981621
-0.6794485
-0.02351755
0
0
0.1981645
0.1981676

5.674324
-49.75
11.20501
8
1.51
65.68053
83.6
58.43
65.99
77
79.0017
69.78152
61.13097
76.7
75
65.02069
58.44691

0
0
359.9734
0
0
0
0
0
270
0
270
0
0
0
0
270.2594
270

0
0
0.02955907
0
0
0
0
0
314.8588
0
14.17154
0
0
0
0
0.0003762874
57.18773

0
0
0.0393408
0
0
0
0
0
0
270
0
0
0
270
270
87.82984
0

